Row    1:
 1.102426542560E+000   2.424376611901E+000   3.128178664150E+000   4.499050404264E+000   4.693930115375E+000  
 6.005549541349E+000   5.704488028726E+000   6.910579862377E+000   6.255598463790E+000   7.327634074831E+000  
 6.550976457293E+000   7.433451912444E+000   6.792282076003E+000   7.395569363889E+000   7.098552441671E+000  
 7.332297258931E+000   7.478098055060E+000   7.295523858911E+000   7.845215951248E+000   7.265161845009E+000  
 8.059802589897E+000   7.154973393778E+000   7.967684745199E+000   6.831046913721E+000   7.429301348301E+000  
 6.141644066037E+000   6.341516381691E+000   4.962186201719E+000   4.668782249186E+000   3.257705248900E+000  
 2.485760854336E+000   1.138816406258E+000  Row    2:
 2.427962641026E+000   4.235543580417E+000   6.921220500053E+000   7.807583674703E+000   1.046753416849E+001  
 1.033210708025E+001   1.281951160035E+001   1.182135673038E+001   1.407548114833E+001   1.259589262502E+001  
 1.454254519669E+001   1.307874500181E+001   1.457194887764E+001   1.359825803761E+001   1.444896456833E+001  
 1.428010135853E+001   1.434205668201E+001   1.504009798286E+001   1.428309538599E+001   1.564521078503E+001  
 1.416693279532E+001   1.579725513017E+001   1.377419866468E+001   1.520301473082E+001   1.281707415163E+001  
 1.362124640849E+001   1.101025679754E+001   1.091008502029E+001   8.178627976892E+000   7.100520487490E+000  
 4.385383406317E+000   2.469308708248E+000  Row    3:
 3.144868652048E+000   6.938964013840E+000   8.923331919286E+000   1.287111261966E+001   1.338861387230E+001  
 1.717075834416E+001   1.626877169347E+001   1.974781174748E+001   1.783663634675E+001   2.093261021618E+001  
 1.867319158172E+001   2.123133267920E+001   1.935407399113E+001   2.111791917672E+001   2.021971508144E+001  
 2.092412356292E+001   2.129402206430E+001   2.079645681056E+001   2.233057479760E+001   2.068318646311E+001  
 2.292621647531E+001   2.034829115344E+001   2.264004191648E+001   1.941788641600E+001   2.107988479129E+001  
 1.746019403711E+001   1.796478562502E+001   1.411377666204E+001   1.320723542708E+001   9.270645515787E+000  
 7.024940797189E+000   3.241858185838E+000  Row    4:
 4.534346330370E+000   7.872204586456E+000   1.291949957970E+001   1.451020364925E+001   1.952346917478E+001  
 1.919945149940E+001   2.388978813342E+001   2.196188224369E+001   2.621392071195E+001   2.339235562439E+001  
 2.707580858560E+001   2.427674191378E+001   2.712568668248E+001   2.522630393554E+001   2.688252508603E+001  
 2.647610226590E+001   2.665061097147E+001   2.786874493407E+001   2.649246277104E+001   2.896616589022E+001  
 2.622852511603E+001   2.920934478760E+001   2.547018412315E+001   2.805751606412E+001   2.369264507092E+001  
 2.508105654295E+001   2.036108081704E+001   2.004347428236E+001   1.513564536514E+001   1.302129166125E+001  
 8.120813956787E+000   4.523880902020E+000  Row    5:
 4.772535692852E+000   1.058758891140E+001   1.354127440386E+001   1.962188644757E+001   2.031584099471E+001  
 2.614745028204E+001   2.468226404977E+001   3.004266795588E+001   2.705239980816E+001   3.182837553055E+001  
 2.830553618388E+001   3.227806156905E+001   2.931468648997E+001   3.209765628569E+001   3.059858472292E+001  
 3.177123263125E+001   3.219524358075E+001   3.151423991840E+001   3.372747031886E+001   3.126328955766E+001  
 3.457623942268E+001   3.069005224383E+001   3.407160939367E+001   2.925300016920E+001   3.163632968054E+001  
 2.630293910746E+001   2.688084537553E+001   2.127650258523E+001   1.970971007895E+001   1.398740179889E+001  
 1.046467135869E+001   4.893936793744E+000  Row    6:
 6.123318330268E+000   1.056772441275E+001   1.743383725910E+001   1.947866699782E+001   2.631268938830E+001  
 2.577268367429E+001   3.215604190716E+001   2.947607191366E+001   3.525417491475E+001   3.138209452256E+001  
 3.640491522201E+001   3.254126561886E+001   3.647388909306E+001   3.377421744238E+001   3.613019111445E+001  
 3.540040869276E+001   3.575885948627E+001   3.721014772047E+001   3.544718276606E+001   3.861032752871E+001  
 3.498700535035E+001   3.884568223440E+001   3.389938966530E+001   3.720191863648E+001   3.150566885358E+001  
 3.314015643761E+001   2.708335757905E+001   2.639464016110E+001   2.015008426681E+001   1.710196262840E+001  
 1.081986975480E+001   5.933016325626E+000  Row    7:
 5.897812306239E+000   1.315251287813E+001   1.673522203115E+001   2.434667358647E+001   2.511056537767E+001  
 3.239517058881E+001   3.050963852429E+001   3.717573916759E+001   3.343364288424E+001   3.936630807331E+001  
 3.495907941387E+001   3.993081997185E+001   3.615893624236E+001   3.971487996296E+001   3.767676277118E+001  
 3.927681357296E+001   3.956621442546E+001   3.886420186650E+001   4.136330439305E+001   3.842079741188E+001  
 4.229991757933E+001   3.759274838126E+001   4.155354776096E+001   3.575978898336E+001   3.844178535621E+001  
 3.213690760552E+001   3.253877332536E+001   2.600957509295E+001   2.377917814569E+001   1.711375701788E+001  
 1.259713402050E+001   5.991316903085E+000  Row    8:
 7.165430514695E+000   1.231265414296E+001   2.038200197515E+001   2.270043622608E+001   3.071556621112E+001  
 3.004534847210E+001   3.747964400502E+001   3.437011318558E+001   4.105533312695E+001   3.658341770891E+001  
 4.240061109917E+001   3.789412119259E+001   4.251040057193E+001   3.925365287817E+001   4.211668882020E+001  
 4.104180591748E+001   4.162402102314E+001   4.302522385009E+001   4.113094908921E+001   4.451844918935E+001  
 4.044026095010E+001   4.464684294181E+001   3.905947748025E+001   4.260047869463E+001   3.624278275517E+001  
 3.780037693842E+001   3.115081017288E+001   2.999643413877E+001   2.319129740688E+001   1.938143612743E+001  
 1.246180314688E+001   6.713720662461E+000  Row    9:
 6.581323642601E+000   1.470802745870E+001   1.868020070115E+001   2.718952457761E+001   2.804422920790E+001  
 3.611763309887E+001   3.409560627321E+001   4.139587103760E+001   3.737590092466E+001   4.382660946683E+001  
 3.906177733347E+001   4.449476085349E+001   4.033348612036E+001   4.430348548805E+001   4.191008235086E+001  
 4.381354992198E+001   4.386700708261E+001   4.326514720596E+001   4.570405665884E+001   4.261611368329E+001  
 4.657779977475E+001   4.153747625093E+001   4.558975077158E+001   3.940518591708E+001   4.201664992104E+001  
 3.537423203294E+001   3.543697397946E+001   2.863350063793E+001   2.582073712388E+001   1.885194253070E+001  
 1.365241325557E+001   6.602968852977E+000  Row   10:
 7.743750122252E+000   1.330965175050E+001   2.200537185811E+001   2.455471206101E+001   3.310900584829E+001  
 3.253139115561E+001   4.033881402409E+001   3.724996658894E+001   4.415963884837E+001   3.966210431825E+001  
 4.564043000572E+001   4.104306268080E+001   4.583711499168E+001   4.240765761598E+001   4.547603817728E+001  
 4.417740859091E+001   4.492940327255E+001   4.612601601054E+001   4.428730437953E+001   4.753979823522E+001  
 4.338248831697E+001   4.749935413917E+001   4.175919858773E+001   4.516194443106E+001   3.866931812574E+001  
 3.994395861295E+001   3.321741004146E+001   3.161300340053E+001   2.473744397513E+001   2.038774865489E+001  
 1.329921791276E+001   7.055588126207E+000  Row   11:
 6.944570101955E+000   1.546424167851E+001   1.972339010541E+001   2.854956884846E+001   2.964509874884E+001  
 3.786404206363E+001   3.609557252519E+001   4.335353721276E+001   3.961718830383E+001   4.591509898041E+001  
 4.140974713292E+001   4.670161416827E+001   4.268706961548E+001   4.661607982880E+001   4.420433329482E+001  
 4.617105733350E+001   4.606530297054E+001   4.556622941172E+001   4.777993033342E+001   4.476680859696E+001  
 4.849707053252E+001   4.349006947954E+001   4.730564695821E+001   4.115058636445E+001   4.347748097369E+001  
 3.689491610785E+001   3.659379639143E+001   2.986050412354E+001   2.662801533444E+001   1.966711273258E+001  
 1.406922968396E+001   6.890752862022E+000  Row   12:
 7.969343226286E+000   1.379439700293E+001   2.262590730951E+001   2.547878305955E+001   3.399385676874E+001  
 3.381625897909E+001   4.136620732291E+001   3.879803683541E+001   4.527968817566E+001   4.136602944730E+001  
 4.687375403273E+001   4.279469764173E+001   4.721811012942E+001   4.411148165528E+001   4.699089693098E+001  
 4.576360459102E+001   4.649869093765E+001   4.755449230333E+001   4.580341949342E+001   4.879447866757E+001  
 4.476583368741E+001   4.857981233438E+001   4.298362904204E+001   4.607584079543E+001   3.973844160917E+001  
 4.069641618005E+001   3.411782549248E+001   3.219282343007E+001   2.541261269124E+001   2.076234534344E+001  
 1.366705850866E+001   7.186287705652E+000  Row   13:
 7.094146179373E+000   1.562605631522E+001   2.016750250130E+001   2.881659192308E+001   3.036839427945E+001  
 3.817231642850E+001   3.706626627312E+001   4.368793169724E+001   4.077854227491E+001   4.632513005756E+001  
 4.267721794849E+001   4.726340520553E+001   4.395933485633E+001   4.736965202199E+001   4.538551227451E+001  
 4.708144295132E+001   4.708676791163E+001   4.653819010148E+001   4.861278026036E+001   4.569934116031E+001  
 4.915362459507E+001   4.432495169107E+001   4.782940200135E+001   4.187824509547E+001   4.391928912561E+001  
 3.752092737021E+001   3.697944048717E+001   3.036803303826E+001   2.693710711246E+001   2.000838090775E+001  
 1.424712011593E+001   7.012276991788E+000  Row   14:
 7.934110921132E+000   1.394094592862E+001   2.251067210739E+001   2.579150466547E+001   3.378792828898E+001  
 3.431822457750E+001   4.109412229139E+001   3.949102187994E+001   4.501985257794E+001   4.221146285446E+001  
 4.673631122933E+001   4.371326406543E+001   4.729155637160E+001   4.500269787613E+001   4.729334245201E+001  
 4.653508130226E+001   4.696961922032E+001   4.814914033411E+001   4.634247575114E+001   4.920818535121E+001  
 4.528836946058E+001   4.886229129231E+001   4.345144166138E+001   4.630659698234E+001   4.014888305512E+001  
 4.093867597112E+001   3.447009067826E+001   3.245018408943E+001   2.568414304537E+001   2.097325724417E+001  
 1.381832992620E+001   7.269046295683E+000  Row   15:
 7.104203286144E+000   1.535499845489E+001   2.022067175233E+001   2.829918822792E+001   3.051950784851E+001  
 3.747189060616E+001   3.736767678159E+001   4.291483302200E+001   4.124558774364E+001   4.561987910896E+001  
 4.327267139584E+001   4.675361057291E+001   4.460279362341E+001   4.712221580458E+001   4.597981334908E+001  
 4.708035420344E+001   4.755039120607E+001   4.670420899883E+001   4.891036791118E+001   4.593852787467E+001  
 4.931418643949E+001   4.457215350844E+001   4.793613089650E+001   4.210877958096E+001   4.406344917125E+001  
 3.773146973951E+001   3.719867990801E+001   3.055003250956E+001   2.718258883846E+001   2.013745247967E+001  
 1.441284916706E+001   7.059596491242E+000  Row   16:
 7.714595955417E+000   1.387688484928E+001   2.188209848112E+001   2.572160406331E+001   3.283977136874E+001  
 3.432534108949E+001   3.996844947776E+001   3.963729153952E+001   4.388817864539E+001   4.250785075015E+001  
 4.575936113708E+001   4.411623585906E+001   4.657547958095E+001   4.543210380655E+001   4.686370439389E+001  
 4.690253311103E+001   4.677822427019E+001   4.839167654188E+001   4.630350326023E+001   4.932018752926E+001  
 4.532193997507E+001   4.890635352530E+001   4.350980398170E+001   4.638278681681E+001   4.021534437843E+001  
 4.111815841810E+001   3.454022838952E+001   3.271610740845E+001   2.574810558817E+001   2.121977630209E+001  
 1.385792651005E+001   7.369872248947E+000  Row   17:
 7.038016454691E+000   1.480206160431E+001   2.005835005748E+001   2.728379028389E+001   3.034855678357E+001  
 3.615767809530E+001   3.727878507599E+001   4.150363875348E+001   4.129010435587E+001   4.430449847908E+001  
 4.344698134959E+001   4.567260404704E+001   4.485709205440E+001   4.633391353916E+001   4.623855233674E+001  
 4.656578513183E+001   4.773992417120E+001   4.639490320039E+001   4.899399692702E+001   4.575388940527E+001  
 4.932067142200E+001   4.444928260582E+001   4.795330410316E+001   4.201480464750E+001   4.418386371511E+001  
 3.765842768723E+001   3.744636423114E+001   3.050020849456E+001   2.747842053504E+001   2.011081941345E+001  
 1.461548121282E+001   7.051665857778E+000  Row   18:
 7.389763236373E+000   1.372624582927E+001   2.096721567843E+001   2.548854287903E+001   3.149810310197E+001  
 3.410604124211E+001   3.842353310262E+001   3.950666733772E+001   4.236435725786E+001   4.249291562533E+001  
 4.442640386864E+001   4.419732412028E+001   4.551803797753E+001   4.555715423579E+001   4.608424793401E+001  
 4.700569148614E+001   4.622452025942E+001   4.842126786740E+001   4.590245847450E+001   4.927367788765E+001  
 4.500637321383E+001   4.884654423282E+001   4.323483231155E+001   4.640692600765E+001   3.996507259467E+001  
 4.128740634360E+001   3.432393929547E+001   3.299582188697E+001   2.558736195673E+001   2.148429751478E+001  
 1.377238703260E+001   7.478411235048E+000  Row   19:
 6.957870888660E+000   1.412309376336E+001   1.985231028047E+001   2.605950655057E+001   3.009735723366E+001  
 3.461415591347E+001   3.706175558758E+001   3.989047488299E+001   4.114969193342E+001   4.282394378239E+001  
 4.338298047047E+001   4.443570622771E+001   4.483832775607E+001   4.535906339239E+001   4.621604533134E+001  
 4.581005004322E+001   4.766426157406E+001   4.579208477601E+001   4.884522641454E+001   4.523990761297E+001  
 4.913678797046E+001   4.397527962681E+001   4.782420753045E+001   4.155740013994E+001   4.419701960746E+001  
 3.722754958138E+001   3.761692971392E+001   3.013557560018E+001   2.772132705206E+001   1.986415348834E+001  
 1.478997806616E+001   6.964296353901E+000  Row   20:
 7.032884782453E+000   1.359079075259E+001   1.997271913991E+001   2.527015237973E+001   3.006829379041E+001  
 3.387298620626E+001   3.681809517060E+001   3.930305779949E+001   4.081598380605E+001   4.232508024354E+001  
 4.307729021587E+001   4.404385680666E+001   4.440446967711E+001   4.538234777952E+001   4.516773668844E+001  
 4.677039505676E+001   4.543938220760E+001   4.810271679238E+001   4.518778651140E+001   4.889455600840E+001  
 4.431617435680E+001   4.848653690629E+001   4.254333764114E+001   4.616973410988E+001   3.927915915631E+001  
 4.123460235117E+001   3.369285074791E+001   3.309714770296E+001   2.509291674819E+001   2.162874172154E+001  
 1.349885429672E+001   7.543999352457E+000  Row   21:
 6.894358752353E+000   1.342849310212E+001   1.968454098456E+001   2.482253619016E+001   2.987472946759E+001  
 3.308284011751E+001   3.682274278749E+001   3.831908134425E+001   4.090012526672E+001   4.139004216350E+001  
 4.310151759398E+001   4.320245496743E+001   4.449235870674E+001   4.429579570325E+001   4.577303862504E+001  
 4.484672102840E+001   4.710465705987E+001   4.486514515054E+001   4.818591379664E+001   4.430739737432E+001  
 4.845056175313E+001   4.301529262474E+001   4.722554884725E+001   4.057530591235E+001   4.378777930201E+001  
 3.627392534529E+001   3.742689690011E+001   2.931187928170E+001   2.769149944186E+001   1.929791242493E+001  
 1.481483785437E+001   6.761806303510E+000  Row   22:
 6.672522110146E+000   1.345850917710E+001   1.897376199525E+001   2.503655834710E+001   2.864435807371E+001  
 3.357161424753E+001   3.523051233742E+001   3.894228108389E+001   3.927750447747E+001   4.188427203017E+001  
 4.168941173594E+001   4.348799731235E+001   4.315686905534E+001   4.467732751147E+001   4.398952406908E+001  
 4.589587537415E+001   4.425900536260E+001   4.707162761218E+001   4.396253912313E+001   4.777481599467E+001  
 4.303055376940E+001   4.740018331733E+001   4.120622624825E+001   4.525269683616E+001   3.793967065418E+001  
 4.057661250032E+001   3.245973807716E+001   3.270563514753E+001   2.412631187480E+001   2.144401525796E+001  
 1.296322662178E+001   7.493013636108E+000  Row   23:
 6.793335167117E+000   1.269534331370E+001   1.939811007983E+001   2.351595065772E+001   2.943765476292E+001  
 3.145503168875E+001   3.625809423252E+001   3.661348356864E+001   4.020248303459E+001   3.975624428471E+001  
 4.224214670220E+001   4.166845093699E+001   4.343478257427E+001   4.280407823957E+001   4.448985377047E+001  
 4.332017858039E+001   4.559880462013E+001   4.325471376791E+001   4.651553143423E+001   4.260092294736E+001  
 4.673860234135E+001   4.122878954160E+001   4.563359283837E+001   3.875902871685E+001   4.246104896871E+001  
 3.453630422398E+001   3.644678053013E+001   2.783056654246E+001   2.706792133095E+001   1.828749680309E+001  
 1.451736041654E+001   6.401622427283E+000  Row   24:
 6.251106112600E+000   1.311344384449E+001   1.779859722351E+001   2.438675765219E+001   2.694279329054E+001  
 3.267024485282E+001   3.327033071082E+001   3.782433737089E+001   3.726357521804E+001   4.055315348678E+001  
 3.970708426014E+001   4.192120559332E+001   4.118420277353E+001   4.284386955680E+001   4.195770184320E+001  
 4.378290314947E+001   4.211359620070E+001   4.471700650800E+001   4.168976683769E+001   4.528907857587E+001  
 4.065258648440E+001   4.495588956994E+001   3.877802543590E+001   4.303929155547E+001   3.556806543371E+001  
 3.874884137513E+001   3.032764438187E+001   3.135906917256E+001   2.248314966518E+001   2.062436202508E+001  
 1.206120036111E+001   7.218231704013E+000  Row   25:
 6.489797788258E+000   1.171332622697E+001   1.852441698262E+001   2.173598412416E+001   2.808523944359E+001  
 2.916114980171E+001   3.452934141611E+001   3.407167289140E+001   3.817116440533E+001   3.712764015739E+001  
 3.993571404668E+001   3.899235529068E+001   4.084131456145E+001   4.004341060407E+001   4.158680264079E+001  
 4.042731503058E+001   4.239612742949E+001   4.021444830488E+001   4.309437178841E+001   3.943820494112E+001  
 4.326059762503E+001   3.800382790251E+001   4.231153086435E+001   3.557857194200E+001   3.951098592338E+001  
 3.158191990699E+001   3.405416938830E+001   2.537063532540E+001   2.537968632486E+001   1.663514024237E+001  
 1.364251290884E+001   5.816889358380E+000  Row   26:
 5.619145508283E+000   1.214599805397E+001   1.601556821562E+001   2.256894303886E+001   2.429326278854E+001  
 3.018693459699E+001   3.008431341170E+001   3.485893292979E+001   3.379612003366E+001   3.723280872889E+001  
 3.608552836044E+001   3.829689453432E+001   3.743169065657E+001   3.890997684166E+001   3.805569286479E+001  
 3.952764871655E+001   3.805590182047E+001   4.018040169270E+001   3.750468772982E+001   4.059758365743E+001  
 3.640402822335E+001   4.031623814612E+001   3.457292357566E+001   3.870338023824E+001   3.158344189701E+001  
 3.497978404952E+001   2.683776444040E+001   2.841404284869E+001   1.984461058542E+001   1.873855053689E+001  
 1.062896708916E+001   6.567429119840E+000  Row   27:
 5.750926726392E+000   1.013095405759E+001   1.640555009051E+001   1.882316008990E+001   2.484094182255E+001  
 2.530359704225E+001   3.047658413342E+001   2.963362082548E+001   3.358740705999E+001   3.235212729300E+001  
 3.499336304219E+001   3.399322641636E+001   3.560019031512E+001   3.485882253931E+001   3.604090470902E+001  
 3.508011358144E+001   3.654796177024E+001   3.474590267541E+001   3.701801556095E+001   3.391766487237E+001  
 3.712553864211E+001   3.253760190358E+001   3.636964222835E+001   3.033613413722E+001   3.407298191363E+001  
 2.683251290997E+001   2.947398466078E+001   2.149443305419E+001   2.203239828139E+001   1.406635423234E+001  
 1.186562855228E+001   4.913877443827E+000  Row   28:
 4.590839898894E+000   1.011247228067E+001   1.309328206729E+001   1.877285708287E+001   1.988581577950E+001  
 2.506904079823E+001   2.466758381505E+001   2.888026592734E+001   2.775469826397E+001   3.074685319830E+001  
 2.965590160156E+001   3.149257881487E+001   3.073780397347E+001   3.183648862015E+001   3.117379030406E+001  
 3.217523438772E+001   3.105822951891E+001   3.257000183595E+001   3.047581593900E+001   3.283858591085E+001  
 2.945224961835E+001   3.262294807702E+001   2.785757774131E+001   3.139132431898E+001   2.535861472339E+001  
 2.846283209805E+001   2.148588266369E+001   2.319052732504E+001   1.585352168562E+001   1.532721443144E+001  
 8.480402100660E+000   5.377792131933E+000  Row   29:
 4.389670104133E+000   7.625574773631E+000   1.251511205001E+001   1.417851238554E+001   1.892822841847E+001  
 1.908105536856E+001   2.318184231622E+001   2.237310339204E+001   2.548695055917E+001   2.444423141607E+001  
 2.647058170729E+001   2.567755640548E+001   2.682404472200E+001   2.628886380743E+001   2.703591592104E+001  
 2.637961327316E+001   2.730255645893E+001   2.603158063651E+001   2.757581055026E+001   2.531000219336E+001  
 2.763523535810E+001   2.418762714778E+001   2.710723044698E+001   2.247477382931E+001   2.545984156894E+001  
 1.982306302142E+001   2.208454576024E+001   1.584514536095E+001   1.654597389250E+001   1.035434596385E+001  
 8.923375331986E+000   3.614533794703E+000  Row   30:
 3.053988802916E+000   6.793284464966E+000   8.713203698334E+000   1.260173127669E+001   1.324227856126E+001  
 1.680774706780E+001   1.644021862655E+001   1.933047222299E+001   1.851024035696E+001   2.053468675826E+001  
 1.977976922177E+001   2.097382322671E+001   2.048307594338E+001   2.113118440920E+001   2.073271293690E+001  
 2.128000820301E+001   2.059720820080E+001   2.147784362087E+001   2.014414282448E+001   2.162263529663E+001  
 1.940249665827E+001   2.148656698543E+001   1.829580492352E+001   2.070988359613E+001   1.661131265532E+001  
 1.882030146277E+001   1.404560489759E+001   1.536622619968E+001   1.034848856811E+001   1.017107131406E+001  
 5.530819218405E+000   3.571351922971E+000  Row   31:
 2.396080508067E+000   4.135458073206E+000   6.828625561611E+000   7.691927141257E+000   1.031992310682E+001  
 1.035694834707E+001   1.262510569444E+001   1.215006956403E+001   1.386052753262E+001   1.327783030899E+001  
 1.436906728633E+001   1.394258441757E+001   1.452752160243E+001   1.425804907043E+001   1.460360453276E+001  
 1.427997718628E+001   1.471040090756E+001   1.405724358701E+001   1.483187846791E+001   1.363152208133E+001  
 1.485712594530E+001   1.299405953549E+001   1.458504699978E+001   1.204715756751E+001   1.372021703646E+001  
 1.060671586926E+001   1.192153145435E+001   8.466932955637E+000   8.943981140435E+000   5.528046981808E+000  
 4.827623092092E+000   1.928918216689E+000  Row   32:
 1.076526980542E+000   2.403803379759E+000   3.071851759308E+000   4.457340139889E+000   4.669864602694E+000  
 5.941271860501E+000   5.799496944615E+000   6.827244650666E+000   6.531208105211E+000   7.244816075185E+000  
 6.978664028176E+000   7.389777249424E+000   7.222922537756E+000   7.432988891782E+000   7.303187554451E+000  
 7.472160527784E+000   7.244519737387E+000   7.530524312429E+000   7.072654914124E+000   7.575606047879E+000  
 6.800011899515E+000   7.529056263669E+000   6.401629857414E+000   7.263098795044E+000   5.804267554050E+000  
 6.607963752889E+000   4.902579916360E+000   5.400878733893E+000   3.609441973562E+000   3.577556369499E+000  
 1.928254145709E+000   1.256648515916E+000  
SEQUENTIAL EXECUTION TIME: 3576791
PARALLEL EXECUTION TIME: 196451
SPEEDUP:   18.21
NUMBER OF PROCESSORS USED: 33
