  20.17   43.65   97.51   63.03   22.47
  76.30   15.50   16.01   76.08   57.10
  49.98   7.460   36.57   57.93   47.07
  2.540   91.25   64.89   94.37   8.530
  77.30   61.64   59.27   87.52   89.59
  9.380   94.55   63.14   4.480   25.02
  94.04   14.10   42.42   77.13   25.85
  93.66   66.96   48.92   90.97   19.18
  12.91   51.56   75.47   12.18   23.33
 0.4700   57.67   68.11   65.85   38.16
  4.180   6.560   35.42   95.42   9.500
  87.61   18.07   43.10   35.54   26.54
  27.15   89.08   59.72   26.65   28.13
  26.35  0.9400   19.48   59.29   21.79
  68.31   84.31   86.29   3.500   8.590
  96.03   40.54   29.41   85.17   53.13
  32.02   65.45   79.25   46.49   52.07
  60.16   38.99   97.35   37.05   81.80
  98.50   9.260   95.96   92.95   81.96
  9.220   23.41   23.67   75.68   58.36
  47.44   48.60   55.05   6.260   62.55
  10.60   38.02   73.16   29.66  0.9100
  30.12   34.62   24.32   52.21   83.95
  98.26   77.11   57.75   90.85   19.18
  89.42   84.41  0.9100   4.680   5.210
  14.96   69.44   15.61   28.34   19.21
  77.47   49.75   47.59   85.33   86.87
  15.16  0.4800   48.77   68.79   83.09
  27.89   99.17   94.10   8.910   44.48
  53.21   83.23   10.74   80.03   97.65
  37.03   34.02   55.89   89.26   94.76
  37.51   65.02   18.07   39.53   68.26
  56.05   19.49   27.64   17.21   23.53
  6.070   79.57   73.81   60.52   99.44
  26.63   48.84   62.54   1.380   59.30
  2.190   12.11   8.970   39.59   2.510
  31.87   71.04   27.11   45.37   36.65
  4.520  0.6900   17.36   45.01   86.30
  86.36   33.59   26.37   58.52   46.90
  54.23   61.70   43.40   16.82   96.37
  52.42   54.23   24.55   21.35   3.860
  58.90   92.73   19.80   51.89   70.39
  2.910   78.87   84.12   1.330   61.29
  28.81   85.72   97.24   10.01   39.66
  79.51   99.31   87.08   3.450   50.94
  65.57   15.45   76.22   68.90   21.58
  18.87   48.75   48.08   12.59   90.78
  2.860   18.21   18.70  0.8900   66.48
  15.15   48.93   40.90   35.92   73.98
  51.29   30.55   97.50   72.14   92.92
  26.68   13.43   74.84   14.36   19.67
  37.36   46.05   77.41   4.530   96.24
  35.10   98.84   83.38   21.59   48.01
  38.24   61.70   34.87   4.280   85.98
  91.17   37.39  0.4800   18.49   58.21
  60.43   92.96   55.40   96.65   41.02
  41.05   28.01   82.00   33.03   11.28
  11.85   30.25  0.9900   16.59   59.59
  26.79   66.61   23.19   58.10   54.14
  57.79   15.11   16.35   5.360   26.87
  84.06   63.29   69.20   14.67   3.770
  67.36   9.660   47.83   43.40   19.90
  22.54   78.63   81.89   1.150   20.30
  40.50   91.36   11.82   82.47   9.830
  98.18   51.01   16.54   72.05   63.82
  75.01   19.58   53.30   16.16   56.62
  33.99   21.92   21.82   94.17   47.17
  64.56   56.96   3.030   57.29   83.56
  55.96   3.920   89.17   73.43   41.73
  5.930   8.630   85.67   3.790   83.62
  32.42   24.31   57.54   7.420   56.82
  26.76   20.78   52.35   10.36   29.55
  46.68   5.950   94.72   26.25   22.54
  94.36   76.72   22.30   94.26   98.47
  71.36   81.06   35.91   95.02   48.01
  65.32   13.96   70.63  0.8600   47.95
  58.72   58.02   47.82   16.34   68.79
  87.77   50.58   87.27   61.55   66.59
  85.32   89.76   87.93   29.51   3.130
  75.11   45.52   86.73   2.820   35.23
  6.070   56.28   76.05   84.20   87.54
  95.78   60.22   73.60   87.55   33.90
  46.37   18.77   63.42   21.73   5.580
  62.56   78.38   40.47   55.16   9.410
  8.090   75.07   60.11   97.18   68.30
  38.63   75.76   96.17   11.70   73.27
  40.53   7.380   42.73   26.36   41.08
  66.75   56.02   46.32   1.110   28.80
  49.94   11.51   54.80   6.730   18.32
  42.38   4.620   65.10   74.54   23.69
  90.08   95.81   36.73   93.07   35.19
  34.72   48.53   48.22   80.18   27.81
  99.87   82.80   44.87   72.48   35.30
  61.41   16.66   19.76   20.02   41.57
  31.39   29.10   90.08   63.02   14.80
  1.330  0.8100   59.50   53.85   19.03
  98.56   67.07   37.09   1.220   89.15
  57.35   92.83   18.94   50.99   62.93
  58.82   13.52   39.27   5.000   25.04
  36.47   39.47   7.530   75.47   69.33
  3.710   63.88   62.13   25.47   87.57
  56.01   53.87   5.720   18.12   71.48
  73.77   96.07   78.37   34.52   63.49
  50.85   46.16   19.52   70.81   17.83
  63.64   78.85   16.10  0.8600   37.40
  13.10   4.520   56.62   92.42   68.66
  26.40   7.340   18.44   3.280   93.65
  9.310   51.47   65.52   88.84   72.30
  12.56   24.85   80.97   18.06   15.08
  54.06   71.70   71.53   38.66   51.29
  56.01   13.38   53.93   32.75   19.38
  86.30   19.83   67.97   83.80   87.76
  76.33   75.55   6.900   34.95   79.18
  50.82   91.06   40.75   87.33   40.98
  55.91   35.27   48.03   79.93   89.30
  74.23   35.34   2.060   30.90   71.58
  8.780   10.17   16.48   16.23   37.74
 0.4600   12.54   40.70   61.92   94.29
  31.67   62.60   2.340   24.36   97.01
  66.24   81.18   39.89   66.30   35.28
  47.74   59.15   73.40   48.40   69.36
  99.66   24.20   48.18   55.78   2.330
  90.42   21.66   46.89   50.19   34.70
  30.74   56.01   52.63   3.130   37.28
  7.120   68.33   48.45   17.59   13.13
  94.96   41.89   57.85   54.51   80.15
  4.390   50.16   40.14   18.79   32.62
  8.770   44.96   26.39   95.00   58.60
  95.33   74.95   53.71   24.43   11.62
  31.18   74.47   40.09   78.45   78.11
  33.82   9.670   36.27   16.01   6.460
  65.77   97.05   62.14   45.96   70.94
  85.65   33.72   93.37   26.93   34.23
  26.03   52.15   15.91   60.36   53.24
  76.79   71.46   15.56   56.41   19.15
  3.460   64.90   31.08   8.430   87.89
  27.05   4.240   45.53   11.83   65.83
  1.990   83.86   80.09   37.31   29.05
  57.96   24.46   88.88   58.15   66.46
  85.49   4.120   43.22   46.78   56.41
  3.180   67.05   54.13   46.20   16.64
  67.24  0.0100   44.37   49.41   17.12
  29.02   8.190   14.01   85.07   1.320
  21.60   5.670   28.48   90.60   93.31
  61.37   12.44   34.31   41.97   37.20
  12.69   36.56   79.25   60.72   62.47
  1.750   10.85   69.48   92.24   23.32
  2.470   67.88   40.77   8.250   5.630
  17.76   91.30   98.31   91.69   7.790
  46.09   72.59   93.46   97.56  0.1700
  46.36   46.69   1.430   47.28   4.150
  81.20   88.32   22.12   58.32   83.09
  70.05   23.76  0.6700   89.97   26.22
  2.040  0.5400   58.90   23.35   35.77
  19.00   78.44   40.98   54.29   68.14
  18.12   53.98   13.11   96.77   69.55
  22.24   94.52   38.29   47.41   84.84
  57.56   20.26   68.70   66.67   68.22
  23.38   7.410   23.00   29.01   42.42
  48.73   5.040   50.93   26.71   19.88
  43.36   82.93   24.56   59.31   51.73
  47.71   96.63   66.59   13.58   54.90
  30.12   90.88   47.48   23.58   5.480
  11.08   4.320   64.67   4.180   82.29
  7.640   44.71   18.11   4.900   64.49
  97.29   9.590   62.92   84.55   93.00
  79.13   31.44   57.08   51.85   85.83
  16.00   67.13   19.70   90.08   16.53
  60.00   65.00   47.60   60.74   23.86
  75.98   4.220   61.76   29.99   51.21
  16.17   73.13   55.08   68.56   76.36
  72.40   86.66   31.74   38.53   26.49
  33.59   47.54   76.12   40.97   59.38
  2.150   57.56   13.54   31.48   12.06
  1.620   20.22  0.5800   3.990   10.60
  6.470   9.440   83.84   8.850   82.34
  41.68   87.36   19.84   14.38   28.08
  17.02   82.16   6.620   16.81   90.76
  76.36   27.95   2.020   59.50   38.50
  99.49   31.01   70.25   54.63   32.83
  95.44   55.43   70.44   29.84   56.21
  34.35   70.36   65.57   24.78   49.11
  83.29   77.45   84.03   87.45   13.56
  23.44   30.42   24.34   81.94   25.76
  46.08   29.70   27.72   6.080   50.43
  50.27   39.91   91.84   3.660   5.510
  97.03   82.70   8.260   50.78   54.97
  30.63   30.59   82.25   98.08   2.140
  53.68   50.60   51.44   21.24   79.15
  46.01   5.800   69.05   34.23   90.97
  95.92   84.01   31.96   91.61  0.8900
  9.730   47.68   81.39   26.65   48.59
  34.26   25.16   79.48   95.23   91.86
  96.97   82.58   71.63   30.28   96.90
  67.55   94.88   79.17   86.23   47.96
  58.74   23.06   76.23   16.51   17.80
  59.53   43.48   20.53   22.87   43.90
  10.81   65.36   57.16   93.60   19.65
  87.57   69.75   58.67   15.46   78.18
  52.31   67.02   79.12   34.77   6.150
  2.060   15.69   25.08   57.10   92.74
  87.54   35.50   61.93   99.75   60.63
  22.19   35.82   90.49   1.050   47.92
  32.72   33.85   69.56   78.53   20.23
 0.1600   14.99   64.72   18.64   86.31
  24.51   25.57   58.73   88.62   10.32
  65.09   94.16   85.88   23.63   88.94
  92.19   95.77   72.41   14.38  0.8400
  37.74   10.83   96.89   28.40   15.48
  5.660   80.89   83.82   17.59   74.60
  90.38   82.66   27.06   13.62   57.25
  78.52   59.24   68.51   7.120   15.90
 0.4300   40.79   75.30   53.82   21.19
  86.87   1.940   79.91   89.00   30.39
  46.79   11.29   83.40   73.93   46.89
  20.81   15.98   17.18   59.42   25.99
  90.86   64.72  0.5100   95.72   14.37
  87.67   1.610   11.08   57.50   61.68
  98.00   45.91   41.21   63.36   70.04
  82.50   93.47   19.27   95.54   17.81
  89.37   78.67   36.92   4.600   64.79
  56.44   5.140   11.80   95.01   73.59
  28.59   84.35   94.88   6.000   73.42
  22.36   30.78   72.97   53.12   81.69
  34.98   3.990   20.06   11.59   20.35
  11.33   67.57  0.0300   69.98   79.42
  52.98   38.24   42.57   33.62   23.31
  20.91   53.05   60.31   53.28   43.08
  15.47   31.21   59.94   4.090   16.14
  12.46   26.17   45.60   8.400   2.600
  76.01   87.63   84.94   49.92   14.19
  56.81   52.15   38.90   22.36   90.96
  22.82   93.88   63.37   8.410   59.52
  30.21   48.74   86.85   84.68   14.72
  1.650   5.310   20.73   89.26   1.250
  8.380   82.42   6.230   53.71   91.14
  15.32   38.70   36.77   21.06   60.46
  7.660   67.95   92.43   27.86   28.61
  24.79   12.10   78.49   59.74   10.03
  76.88   84.92   9.860   98.65   21.21
  95.84   65.98   21.24   42.32   88.93
  18.20   62.21   99.19   92.63   82.69
  20.04   5.910   13.01   99.70   94.10
  23.25   96.90   54.76   59.94   16.86
  7.290   33.17   45.17   18.11   56.23
  18.82   12.80   32.96   83.49   36.43
  98.18   61.85   40.05   73.61   64.09
  29.00   19.91   17.91   41.77   23.29
  13.42   75.83   3.220   50.38   11.62
  36.40   57.27   8.070   67.23   87.19
  14.46  0.9900   46.77   55.68   55.40
  84.48   81.03   39.55   90.46   22.52
  56.97   84.99   65.81   41.56   46.57
  20.02   35.55   63.15   24.70   68.99
  64.58   17.01   19.49   61.31   16.55
  54.80   94.45   76.18   70.86   14.09
  26.80   58.40   68.05   85.97   81.79
  34.86   93.67   26.48   74.67   21.24
  58.71   10.25   51.76   19.37   14.24
  97.91   8.260   44.07   70.93   23.54
  31.12   51.91   17.81   5.050   17.19
  70.70   36.81   64.22   81.15   13.52
  1.520   59.77   74.30   44.71   43.93
  24.04   58.55   17.78   90.46   99.74
  9.700   9.390   90.85   21.25   85.63
  50.96   83.17   95.34   14.80   37.27
  40.39   82.82   43.65   98.07   65.03
  6.300   23.32   20.36   57.59   55.23
  82.25   40.24   21.42   11.54   35.38
  4.360   89.20   45.02   62.68   78.52
  53.33   48.12   21.74   91.70  0.7600
  10.49   50.49   26.18   67.83   30.74
  54.62   94.59   26.05   66.47   19.86
  29.49   75.09   10.96   63.82   95.71
  91.49   31.65   56.66   95.16   19.23
  32.73   63.27   20.09   27.64   10.15
  9.770   14.20   9.080   27.67   43.80
  58.94   20.11   7.590   95.34   3.540
 0.4900   45.66   54.05   91.45   16.91
  89.27   30.96  0.9600   16.32   28.04
  85.27   52.42   57.56   42.81   38.52
  11.98   50.11   45.66   9.930   22.27
  7.430   19.49   47.76   65.75   5.500
  71.75   7.740   81.71   64.77   1.010
  55.56   25.70   47.41   56.96   14.24
  44.85  0.3700   61.75   1.950   83.63
  41.36   21.34   8.130   2.800   68.66
  12.59   63.80   91.33   18.13   22.10
  99.08   26.30   74.98   78.58   37.86
  34.12   82.48   16.78   17.16   26.30
  2.320   33.72   36.56   17.05   10.27
  97.91   29.63   41.58   72.18   95.19
  57.40   68.59   40.39   14.78   80.18
  70.49   27.92   57.13   81.61   95.00
  23.69   23.56   85.06   85.28   37.69
  99.08   25.71   92.84   44.70   49.77
  99.89   21.30   50.12   23.44   24.48
 0.2300   19.43   79.41   19.30   76.75
  69.74   25.53   54.45   78.62   81.23
  67.92   80.88   2.010   54.87   17.42
  9.180   9.240   5.070   34.74   72.78
  36.65   84.11   63.58   44.05   3.350
  89.65  0.3100   23.38   54.61   31.33
  16.92   45.33   12.46   50.61   84.55
  24.24   88.09   39.22   88.51   32.51
  36.08   46.71   88.15   94.65   36.82
  87.89  0.7700   33.46   47.50   77.75
  28.82   99.60   82.12   66.80   62.38
  77.07   98.48   55.36   24.15   98.01
  73.13   2.570   61.10   25.76   45.30
  5.060   16.34   12.02   18.60   65.76
  16.82   12.60   74.77   53.43  0.6500
  25.74   58.10   80.90   15.12   68.44
  13.29   66.91   68.01   66.26   50.22
  23.59   74.71   88.84   23.75   17.96
  40.14   88.62   35.79   58.63   7.090
  47.48   66.83   85.40   58.94   9.080
  9.060   14.06   68.41   75.70   13.73
  93.56   47.74   66.41   49.04   17.62
  44.35   8.820   30.99   52.34   25.79
  7.150   12.48   90.83   31.84   86.65
  77.96   49.31   4.630   58.72   60.75
  18.07   15.45   81.98   62.44   97.00
  14.65   76.37   98.74   56.02   20.30
  74.54   63.91   78.02   30.19   30.09
  35.98   26.77   61.36   56.90   85.94
  23.38   40.33   75.52   57.41   47.92
  50.25   40.71   80.51   71.24   27.08
  12.93   28.44   41.17   46.02   65.99
  49.95   76.62   88.63   42.24   54.36
  55.51   63.87   26.19   29.77   76.99
  27.92   84.02   7.890   55.62   94.11
  95.34   91.49   76.06   93.73   70.83
  90.98   14.69   32.38   35.68   53.39
  59.34   46.33   18.21   4.460   91.38
  24.77  0.1800   47.54   12.45   10.05
  82.51   43.89   7.970   39.68   29.07
  55.23   20.72   81.57   60.98   46.16
  92.39   89.76   14.86   23.38   51.57
  16.24  0.4400   3.400   25.53   89.09
  33.26   72.76   19.23   12.24   62.91
  68.51   31.30   17.90   37.64   54.49
  76.49   77.67   68.32   82.79   37.84
  42.28   96.09   45.73   87.51   10.56
  41.87   4.040   66.84   63.93   98.16
  12.48   22.57   25.80   13.05   59.85
  62.54   18.80   46.91   32.78   26.60
  55.69   84.22   18.60   67.19   95.03
  18.50   46.18   97.75   19.15   23.40
  18.29   21.05   91.81   32.04   24.16
  99.06   28.37   20.52   28.24   26.25
  48.70   68.89   43.33   3.560   1.340
  59.13   5.940   4.690   16.72   9.130
  17.38   40.87   20.86   13.83   76.63
  20.86   90.65   69.58   1.780   93.70
  91.16   90.42   72.49   7.340   51.92
  24.62   62.32   47.00   20.18   37.30
  22.79   18.44   62.45   73.72   2.590
  17.78   64.38   47.13   12.32   57.02
  74.09   74.92   65.37   30.57   51.73
  46.46   96.20   46.34   70.99   76.48
  54.52   93.30   3.670   59.62   46.45
  84.28   34.09   5.220   59.35   94.53
  78.35   74.95   69.23   85.30   32.64
  71.44   36.81   16.82   68.11   26.11
  46.98   49.38   63.81   66.09   95.17
  38.29   57.53   83.17   37.73   3.870
  62.46   72.91   97.46   43.88   85.03
  23.86   14.23   7.300   48.30   91.28
  17.52   23.04   42.64   91.47   10.77
  35.80   98.46   86.28   24.30   53.70
  70.92   11.00   14.13   87.65   96.59
  50.36   35.82   79.57   95.49   99.68
  7.770   86.48   71.98   10.25   79.56
  40.06   35.89   88.31   58.98   2.120
  97.16   84.67   7.290   15.16   3.730
  45.35   54.70   20.19   7.810   2.640
  19.11   34.57   52.07   93.49   60.25
  28.82   30.11   19.37   91.65   64.23
  72.98   72.60   35.35   34.44   25.18
  66.78   63.80   59.97   34.01   67.24
  8.380   19.29   74.41   51.21   58.25
  29.52   32.42   81.58   8.400   4.680
  89.16   68.31   77.01   92.63   80.43
  98.62   91.51   8.250   4.420   76.88
  47.55   94.26   99.06   16.81   5.880
  9.950   8.340   35.63   65.62   10.91
  81.76   73.75   28.30   53.12   95.92
  48.46  0.9300   73.47   99.21   14.22
  85.30   59.87   76.78   84.90   39.37
  39.51   75.02   94.82   71.10   3.660
  52.38   77.98   66.42   54.79   97.60
  97.38   11.22   32.07   97.72   73.09
  30.31   9.470   95.55   39.46   12.76
  38.69   41.06   58.90   1.310   92.22
  22.80   67.55   40.89  0.9900   86.79
  19.08   80.14   10.44   25.23   26.10
  28.22   96.61   59.85   41.94   78.17
  34.15   43.95   45.71   10.57   28.22
  56.00   58.48   8.180   11.25   12.65

SEQUENTIAL EXECUTION TIME: 22820
PARALLEL EXECUTION TIME: 22820
SPEEDUP:    1.00
NUMBER OF PROCESSORS USED: 1
