   0
   0
   0
   0
   1
   0
   3
   1
   2
   4
   6
   3
  13
   7
  12
  12
  14
  22
  15
  11
  18
  22
  24
  18
  23
  25
  24
  21
  24
  31
  19
  28
  19
  26
  34
  30
  30
  23
  36
  24
  24
  42
  35
  40
  34
  47
  43
  33
  45
  30
  45
  37
  47
  39
  48
  43
  41
  45
  55
  44
  43
  37
  47
  53
  44
  53
  58
  50
  60
  72
  55
  57
  55
  57
  61
  52
  48
  43
  54
  46
  39
  47
  47
  39
  45
  34
  37
  36
  32
  30
  24
  36
  26
  39
  34
  27
  30
  23
  18
  21
  18
  20
  24
  14
  13
  24
  15
  21
  14
  13
  11
  14
  11
  10
   9
  12
  17
  11
  10
   9
   9
   4
  10
   6
  10
   5
   9
   4
   8
   7
   5
   9
   5
  10
  14
  13
  10
   6
   7
  12
   7
   8
   4
   8
   5
   4
   4
   4
   9
   5
   8
   2
   6
   8
   4
   7
   8
   2
   5
   5
   3
   9
   7
   3
   7
   3
   7
   6
   9
   1
   6
   3
   4
   1
   9
   3
   5
   5
   7
   7
   9
   3
  10
   5
   6
  11
   4
   4
   6
   5
   5
   9
   5
   5
   6
   8
   5
   7
   5
   7
   3
   8
  13
  10
   9
  11
   7
  10
   8
  11
   9
   8
   9
  12
  10
  10
  13
  17
  13
  10
  10
  14
  10
  10
  13
  12
   7
  13
   8
  13
  11
  13
  17
   6
   6
  14
   8
  15
  14
  11
  12
  11
   7
   7
  16
  14
  16
 133
  31
  35
  49
  71
  97
 170
118

SEQUENTIAL EXECUTION TIME: 917231
PARALLEL EXECUTION TIME: 375234
SPEEDUP:    2.44
NUMBER OF PROCESSORS USED: 119
